37139891
37144804
37179240
37191606
37197208
37251627
37253545
37259977
37283218
37285865
37300173
37301375
37317377
37317474
37365878
37389133
37396600
37404409
37424617
37424716
37424893
37425125
37425636
37426558
37426864
37426999
37427001
37435260
37453714
37457608
37465464
37492531
37521591
37526073
37533220
37537806
37544626
37548555
37554590
37555602
37555604
37564344
37574391
37575736
37585665
37592469
37603662
37637677
37640180
37641771
37647173
37657504
37660438
37679601
37679602
37713020
37714168
37736439
37753409
37753417
37793077
37805339
37812679
37833178
37835548
37851874
37882449
37884613
37891068
37903746
37916063
37917624
37940446
37954789
37963304
37967805
37969642
38035646
38041498
38046736
38046747
38049622
38060734
38072761
38073942
38087711
38115589
38120417
38143206
38169498
38189180
38223475
38226958
38233472
38264376
38286895
38297094
38307510
38319800
38320501
38344517
38354951
38371857
38394384
38401824
38413284
38431761
38435021
38437876
38440019
38451492
38502039
38518534
38559556
38560390
38560396
38613872
38628167
38635932
38643308
38644146
38659564
38665746
38685667
38700731
38704840
38718930
38722620
38728316
38740030
38757461
38774466
38774467
38779643
38782697
38807035
38860870
38866640
38899667
38899680
38901775
38909929
38910654
38910763
38969791
38975388
38975447
38984224
38989379
38993184
38993360
38994243
38995237
39015584
39015587
39015870
39032989
39035556
39067967
39067969
39067971
39067972
39067976
39067977
39067980
39088398
39094287
39097472
39109346
39111552
39119405
39121056
39149631
39156329
39156999
39187984
39190308
39212473
39226588
39226589
39234413
39262199
39279580
39293462
39296583
39306369
39310543
39310579
39315392
39317906
39341401
39355482
39371441
39384451
39394013
39403668
39420184
39450439
39450762
39451095
