33872051
33893042
33906368
33907652
33927926
33936900
33959443
33968507
33980667
33987450
34008425
34020931
34075002
34077266
34136880
34141505
34150404
34158930
34164247
34164249
34164250
34167873
34195773
34239792
34249555
34263252
34266883
34273811
34277171
34282527
34285853
34322337
34337526
34343533
34344197
34367834
34373223
34385241
34408793
34420037
34430131
34433303
34434338
34455491
34473677
34533371
34540222
34557298
34598919
34610388
34620699
34636627
34660146
34667692
34703705
34751594
34752279
34784577
34844839
34923058
34933753
34976477
35070274
35080190
35091440
35106204
35125447
35127004
35137240
35154727
35157830
35174022
35174032
35190653
35197860
35198295
35228942
35228987
35234715
35237740
35239202
35251718
35295623
35318045
35350491
35350813
35363301
35371766
35392678
35392684
35393158
35415050
35420921
35433201
35435732
35437019
35438573
35440417
35450732
35461627
35475061
35486091
35487500
35552309
35574612
35587650
35598359
35607549
35663682
35675470
35694870
35708696
35734710
35769547
35801821
35802051
35832435
35845032
35882858
35891875
35942258
35950899
35985507
35985981
36028656
36070450
36083240
36087070
36089529
36096961
36098654
36106274
36108258
36108259
36112785
36150113
36153014
36159356
36186607
36223575
36226865
36257959
36258944
36267196
36321053
36322707
36328853
36385364
36399218
36415356
36416755
36420113
36436423
36453697
36472728
36494221
36526492
36529455
36561585
36564259
36566488
36572571
36576375
36589196
36597952
36609200
36619649
36698339
36712727
36717160
36753353
36756959
36757690
36793222
36794575
36795843
36819339
36824558
36872045
36876582
36880603
36898978
36912455
36916306
36933329
36934272
36949472
36961789
36968937
36973741
37003085
37025154
37026036
37042608
37058234
37060432
37062659
37069890
37090400
37119007
