41983015
41994001
42000254
42019035
42034218
42043341
42048785
42052875
42052901
42066281
42070919
42108644
42114035
42127322
42150970
42158474
42158476
42164033
42177753
42182602
42219553
42223064
42223077
42225101
42226930
42227954
42230261
42237765
42257007
42261883
42269147
42285797
42297464
42323390
42325814
42333349
42350703
42361272
42367412
42377520
42382875
42402863
42419811
42419813
42421559
42431754
42468388
42500445
42508433
42520645
42525403
42526032
42540645
9066869
9359950
9465974
9628963
