10122094
10537840
10653073
11280842
12106729
12613232
12650322
12688046
12698698
14963084
15483285
15689012
15915419
16231787
16558219
1705723
17229189
17244875
17296408
17563051
17881165
19185797
19480126
20000205
20050813
20677916
21067087
21091585
2132229
21404982
21671549
21821830
21843080
21851539
21986094
22672122
22751145
22751146
23072827
23302902
23372607
23385174
23457422
23469472
23764081
23802475
23802476
24043751
24080720
24136119
24145592
24199181
24318663
24320750
24352809
24411213
24440304
24529008
24575545
24612369
24647231
24661333
24762070
24817261
24854305
24931718
24971661
25162557
25171902
25337042
25449207
25450032
25454615
25465978
25575714
25599169
25601341
25681834
25715200
25817755
25844589
25925891
25933674
25937711
25958193
25979580
25984251
25985882
26028999
26041764
26054865
26093811
26196735
26270195
26298333
26335402
26403586
26452627
26482379
26514264
26614889
26693901
26714960
26774508
26802854
26821359
26918043
26941086
26965562
26991743
27016786
27057663
27129767
27131078
27140926
27159769
27160947
27167847
27172318
27215688
27222645
27317516
27380319
27387386
27402060
27450937
27497762
27503063
27528114
27623561
27684483
27755068
27770345
27787281
27798398
27833464
27836866
27866748
27965360
27977062
28006958
28025365
28031820
28069681
28110453
28127264
28127265
28171710
28206914
28209443
28213364
28302580
28314611
28325650
28341495
28344452
28396900
28447218
28461221
28490267
28527506
28529549
28542732
28622255
28630187
28633425
28643032
28655541
28679010
28686769
28745914
28753851
28797685
28827103
28834453
28846501
28900493
28941943
28951089
28983759
29083669
29088323
29111175
29119440
29174940
29182021
29183960
29194011
29196208
29236593
29237083
29261875
29261965
29261966
29262058
29262090
29298991
29315679
29328740
29342539
