29380128
29406486
29417827
29425090
29434672
29472827
29493973
29494011
29556815
29580254
29630978
29726849
29730201
29939591
29939693
29942198
29949494
29996737
30012563
30065795
30077557
30085504
30112440
30115333
30115341
30115344
30119985
30137774
30137814
30189902
30214221
30227087
30237023
30285696
30288146
30301132
30326033
30334014
30335290
30335301
30422463
30422556
30442443
30473639
30473947
30518036
30527483
30570969
30624128
30648925
30663074
30717949
30719081
30725936
30738565
30763142
30775389
30817251
30826564
30845009
30913454
30929678
30941562
30954610
30969619
30978177
30980027
31042108
31103391
31200840
31205210
31210874
31235007
31329516
31418764
31427340
31453102
31473120
31483379
31483485
31488695
31501054
31571095
31580749
31616732
31620649
31641995
31650111
31742767
31768136
31768137
31829104
31836894
31849477
31869845
31926572
31978591
32001144
32007466
32088746
32089497
32111923
32130741
32154908
32158569
32162533
32172926
32181080
32182139
32185246
32188001
32208168
32229136
32257478
32273183
32300499
32322388
32343890
32404868
32408841
32455151
32469183
32469184
32475774
32493506
32523465
32524672
32590918
32613929
32656030
32665190
32683918
32683930
32683931
32684070
32701437
32728437
32733719
32755462
32757302
32757468
32777436
32779781
32838997
32884754
32905676
32909214
32923274
32953322
32955174
32958445
32980224
32999782
33010985
33014483
33059984
33072468
33079609
33090917
33129718
33145534
33183017
33191129
33226524
33230508
33232034
33239970
33253641
33279686
33325785
33332152
33356529
33370549
33373708
33392596
33403863
33415053
33506519
33532756
33544027
33552443
33558665
33581990
33603236
33634213
33635762
33684093
33705222
33736976
33754187
33758370
33758701
33760546
33777587
33785848
33792945
33795056
33818140
33842171
33854803
