39482525
39482706
39486165
39486446
39489383
39491396
39503549
39516065
39521634
39524945
39524956
39524960
39526247
39550007
39555576
39555581
39564031
39575896
39584849
39608389
39616467
39629442
39652352
39655115
39667819
39691147
39700441
39790690
39810026
39818460
39820373
39829245
39882687
39909130
39927589
39930124
39976555
40016055
40030071
40040998
40051382
40062067
40068366
40071181
40121537
40130421
40140551
40145508
40163743
40165634
40168100
40176229
40179906
40179907
40180682
40192248
40205369
40207802
40226072
40246708
40246795
40251310
40304652
40312181
40313433
40316185
40317101
40325900
40332939
40340441
40350341
40385490
40386755
40386756
40386760
40387150
40397306
40399656
40400799
40413878
40416127
40417355
40439959
40441170
40449859
40450141
40455815
40458362
40469423
40525039
40525074
40528125
40565248
40573197
40581283
40583107
40583299
40584650
40605865
40624325
40635630
40642579
40660892
40668228
40680993
40683287
40683290
40689404
40691368
40711660
40712069
40729109
40742002
40744830
40769232
40799860
40820186
40838196
40846621
40861742
40885199
40918409
40949812
40983675
40989875
41046180
41086302
41100902
41115436
41123530
41124201
41130827
41139471
41193272
41216639
41217863
41217864
41217866
41217867
41217868
41217869
41217870
41221068
41221073
41224597
41238264
41238485
41259940
41262128
41266841
41274168
41313547
41317509
41337691
41349040
41364813
41366131
41395033
41397208
41402322
41407614
41412884
41419364
41420831
41450200
41469282
41487555
41492975
41497742
41528493
41528939
41531713
41531724
41551702
41587348
41620128
41632096
41633900
41647700
41650342
41650344
41669866
41688865
41693644
41729277
41807117
41807184
41808676
41810260
41825787
41851476
41903235
41921711
41930734
41933974
41942275
41948235
41956912
41967349
41969015
