10122094
10537840
10653073
11280842
12106729
12613232
12650322
12688046
12698698
14963084
15483285
15689012
15915419
16231787
16558219
1705723
17229189
17244875
17296408
17563051
17881165
19185797
19480126
20000205
20050813
20677916
21067087
21091585
2132229
21404982
21671549
21821830
21843080
21851539
21986094
22672122
22751145
22751146
23072827
23302902
23372607
23385174
23457422
23469472
23764081
23802475
23802476
24043751
24080720
24136119
24145592
24199181
24318663
24320750
24352809
24411213
24440304
24529008
24575545
24612369
24647231
24661333
24762070
24817261
24854305
24931718
24971661
25162557
25171902
25337042
25449207
25450032
25454615
25465978
25575714
25599169
25601341
25681834
25715200
25817755
25844589
25925891
25933674
25937711
25958193
25979580
25984251
25985882
26028999
26041764
26054865
26093811
26196735
26270195
26298333
26335402
26403586
26452627
26482379
26514264
26614889
26693901
26714960
26774508
26802854
26821359
26918043
26941086
26965562
26991743
27016786
27057663
27129767
27131078
27140926
27159769
27160947
27167847
27172318
27215688
27222645
27317516
27380319
27387386
27402060
27450937
27497762
27503063
27528114
27623561
27684483
27755068
27770345
27787281
27798398
27833464
27836866
27866748
27965360
27977062
28006958
28025365
28031820
28069681
28110453
28127264
28127265
28171710
28206914
28209443
28213364
28302580
28314611
28325650
28341495
28344452
28396900
28447218
28461221
28490267
28527506
28529549
28542732
28622255
28630187
28633425
28643032
28655541
28679010
28686769
28745914
28753851
28797685
28827103
28834453
28846501
28900493
28941943
28951089
28983759
29083669
29088323
29111175
29119440
29174940
29182021
29183960
29194011
29196208
29236593
29237083
29261875
29261965
29261966
29262058
29262090
29298991
29315679
29328740
29342539
29380128
29406486
29417827
29425090
29434672
29472827
29493973
29494011
29556815
29580254
29630978
29726849
29730201
29939591
29939693
29942198
29949494
29996737
30012563
30065795
30077557
30085504
30112440
30115333
30115341
30115344
30119985
30137774
30137814
30189902
30214221
30227087
30237023
30285696
30288146
30301132
30326033
30334014
30335290
30335301
30422463
30422556
30442443
30473639
30473947
30518036
30527483
30570969
30624128
30648925
30663074
30717949
30719081
30725936
30738565
30763142
30775389
30817251
30826564
30845009
30913454
30929678
30941562
30954610
30969619
30978177
30980027
31042108
31103391
31200840
31205210
31210874
31235007
31329516
31418764
31427340
31453102
31473120
31483379
31483485
31488695
31501054
31571095
31580749
31616732
31620649
31641995
31650111
31742767
31768136
31768137
31829104
31836894
31849477
31869845
31926572
31978591
32001144
32007466
32088746
32089497
32111923
32130741
32154908
32158569
32162533
32172926
32181080
32182139
32185246
32188001
32208168
32229136
32257478
32273183
32300499
32322388
32343890
32404868
32408841
32455151
32469183
32469184
32475774
32493506
32523465
32524672
32590918
32613929
32656030
32665190
32683918
32683930
32683931
32684070
32701437
32728437
32733719
32755462
32757302
32757468
32777436
32779781
32838997
32884754
32905676
32909214
32923274
32953322
32955174
32958445
32980224
32999782
33010985
33014483
33059984
33072468
33079609
33090917
33129718
33145534
33183017
33191129
33226524
33230508
33232034
33239970
33253641
33279686
33325785
33332152
33356529
33370549
33373708
33392596
33403863
33415053
33506519
33532756
33544027
33552443
33558665
33581990
33603236
33634213
33635762
33684093
33705222
33736976
33754187
33758370
33758701
33760546
33777587
33785848
33792945
33795056
33818140
33842171
33854803
33872051
33893042
33906368
33907652
33927926
33936900
33959443
33968507
33980667
33987450
34008425
34020931
34075002
34077266
34136880
34141505
34150404
34158930
34164247
34164249
34164250
34167873
34195773
34239792
34249555
34263252
34266883
34273811
34277171
34282527
34285853
34322337
34337526
34343533
34344197
34367834
34373223
34385241
34408793
34420037
34430131
34433303
34434338
34455491
34473677
34533371
34540222
34557298
34598919
34610388
34620699
34636627
34660146
34667692
34703705
34751594
34752279
34784577
34844839
34923058
34933753
34976477
35070274
35080190
35091440
35106204
35125447
35127004
35137240
35154727
35157830
35174022
35174032
35190653
35197860
35198295
35228942
35228987
35234715
35237740
35239202
35251718
35295623
35318045
35350491
35350813
35363301
35371766
35392678
35392684
35393158
35415050
35420921
35433201
35435732
35437019
35438573
35440417
35450732
35461627
35475061
35486091
35487500
35552309
35574612
35587650
35598359
35607549
35663682
35675470
35694870
35708696
35734710
35769547
35801821
35802051
35832435
35845032
35882858
35891875
35942258
35950899
35985507
35985981
36028656
36070450
36083240
36087070
36089529
36096961
36098654
36106274
36108258
36108259
36112785
36150113
36153014
36159356
36186607
36223575
36226865
36257959
36258944
36267196
36321053
36322707
36328853
36385364
36399218
36415356
36416755
36420113
36436423
36453697
36472728
36494221
36526492
36529455
36561585
36564259
36566488
36572571
36576375
36589196
36597952
36609200
36619649
36698339
36712727
36717160
36753353
36756959
36757690
36793222
36794575
36795843
36819339
36824558
36872045
36876582
36880603
36898978
36912455
36916306
36933329
36934272
36949472
36961789
36968937
36973741
37003085
37025154
37026036
37042608
37058234
37060432
37062659
37069890
37090400
37119007
37139891
37144804
37179240
37191606
37197208
37251627
37253545
37259977
37283218
37285865
37300173
37301375
37317377
37317474
37365878
37389133
37396600
37404409
37424617
37424716
37424893
37425125
37425636
37426558
37426864
37426999
37427001
37435260
37453714
37457608
37465464
37492531
37521591
37526073
37533220
37537806
37544626
37548555
37554590
37555602
37555604
37564344
37574391
37575736
37585665
37592469
37603662
37637677
37640180
37641771
37647173
37657504
37660438
37679601
37679602
37713020
37714168
37736439
37753409
37753417
37793077
37805339
37812679
37833178
37835548
37851874
37882449
37884613
37891068
37903746
37916063
37917624
37940446
37954789
37963304
37967805
37969642
38035646
38041498
38046736
38046747
38049622
38060734
38072761
38073942
38087711
38115589
38120417
38143206
38169498
38189180
38223475
38226958
38233472
38264376
38286895
38297094
38307510
38319800
38320501
38344517
38354951
38371857
38394384
38401824
38413284
38431761
38435021
38437876
38440019
38451492
38502039
38518534
38559556
38560390
38560396
38613872
38628167
38635932
38643308
38644146
38659564
38665746
38685667
38700731
38704840
38718930
38722620
38728316
38740030
38757461
38774466
38774467
38779643
38782697
38807035
38860870
38866640
38899667
38899680
38901775
38909929
38910654
38910763
38969791
38975388
38975447
38984224
38989379
38993184
38993360
38994243
38995237
39015584
39015587
39015870
39032989
39035556
39067967
39067969
39067971
39067972
39067976
39067977
39067980
39088398
39094287
39097472
39109346
39111552
39119405
39121056
39149631
39156329
39156999
39187984
39190308
39212473
39226588
39226589
39234413
39262199
39279580
39293462
39296583
39306369
39310543
39310579
39315392
39317906
39341401
39355482
39371441
39384451
39394013
39403668
39420184
39450439
39450762
39451095
39482525
39482706
39486165
39486446
39489383
39491396
39503549
39516065
39521634
39524945
39524956
39524960
39526247
39550007
39555576
39555581
39564031
39575896
39584849
39608389
39616467
39629442
39652352
39655115
39667819
39691147
39700441
39790690
39810026
39818460
39820373
39829245
39882687
39909130
39927589
39930124
39976555
40016055
40030071
40040998
40051382
40062067
40068366
40071181
40121537
40130421
40140551
40145508
40163743
40165634
40168100
40176229
40179906
40179907
40180682
40192248
40205369
40207802
40226072
40246708
40246795
40251310
40304652
40312181
40313433
40316185
40317101
40325900
40332939
40340441
40350341
40385490
40386755
40386756
40386760
40387150
40397306
40399656
40400799
40413878
40416127
40417355
40439959
40441170
40449859
40450141
40455815
40458362
40469423
40525039
40525074
40528125
40565248
40573197
40581283
40583107
40583299
40584650
40605865
40624325
40635630
40642579
40660892
40668228
40680993
40683287
40683290
40689404
40691368
40711660
40712069
40729109
40742002
40744830
40769232
40799860
40820186
40838196
40846621
40861742
40885199
40918409
40949812
40983675
40989875
41046180
41086302
41100902
41115436
41123530
41124201
41130827
41139471
41193272
41216639
41217863
41217864
41217866
41217867
41217868
41217869
41217870
41221068
41221073
41224597
41238264
41238485
41259940
41262128
41266841
41274168
41313547
41317509
41337691
41349040
41364813
41366131
41395033
41397208
41402322
41407614
41412884
41419364
41420831
41450200
41469282
41487555
41492975
41497742
41528493
41528939
41531713
41531724
41551702
41587348
41620128
41632096
41633900
41647700
41650342
41650344
41669866
41688865
41693644
41729277
41807117
41807184
41808676
41810260
41825787
41851476
41903235
41921711
41930734
41933974
41942275
41948235
41956912
41967349
41969015
41983015
41994001
42000254
42019035
42034218
42043341
42048785
42052875
42052901
42066281
42070919
42108644
42114035
42127322
42150970
42158474
42158476
42164033
42177753
42182602
42219553
42223064
42223077
42225101
42226930
42227954
42230261
42237765
42257007
42261883
42269147
42285797
42297464
42323390
42325814
42333349
42350703
42361272
42367412
42377520
42382875
42402863
42419811
42419813
42421559
42431754
42468388
42500445
42508433
42520645
42525403
42526032
42540645
9066869
9359950
9465974
9628963
