42540645
42508433
42500445
42468388
42431754
42421559
42419813
42419811
42402863
42382875
42377520
42367412
42350703
42333349
42325814
42323390
42297464
42285797
42269147
42261883
42257007
42237765
42230261
42227954
42226930
42225101
42223077
42223064
42219553
42182602
42177753
42158476
42158474
42150970
42127322
42114035
42108644
42070919
42066281
42052901
42052875
42048785
42043341
42034218
42019035
42000254
41994001
41983015
41969015
41967349
41956912
41948235
41933974
41930734
41921711
41903235
41851476
41825787
41810260
41807184
41729277
41693644
30335301
41669866
41650344
41650342
41647700
41633900
41620128
41587348
41531724
41531713
41528939
41528493
41497742
41492975
41487555
41469282
41450200
41420831
41419364
41412884
41407614
41402322
41397208
41366131
41364813
41349040
41337691
41317509
41313547
41274168
41266841
41262128
41259940
41224597
41221073
41221068
41216639
41193272
41139471
41130827
41124201
41123530
41115436
41100902
41086302
41046180
40989875
40983675
40949812
40885199
40861742
40846621
40838196
40820186
40799860
40769232
40744830
40742002
40712069
40711660
40691368
40689404
40683290
40683287
40680993
40668228
40660892
40642579
40635630
40624325
40605865
40583299
40583107
40581283
40565248
40528125
40525074
40525039
40458362
40455815
40450141
40441170
40439959
40417355
40416127
40413878
40400799
40399656
40397306
40387150
40386760
40386756
40386755
40350341
40340441
40332939
40325900
40313433
40312181
40251310
40246795
40246708
40226072
40207802
40205369
40192248
40180682
40179907
40179906
40168100
40165634
40163743
40145508
40140551
40130421
40121537
40071181
40068366
40062067
40051382
40016055
39976555
39930124
39927589
39909130
39882687
39829245
39820373
39818460
39790690
39700441
39691147
39667819
39655115
39652352
39616467
39608389
39584849
39575896
39564031
39555581
39555576
39526247
39524956
39524960
39524945
39521634
39516065
39503549
39489383
39482525
39486446
39486165
39451095
39450762
39420184
39403668
39394013
39384451
39355482
39317906
39315392
39310579
39306369
39296583
39293462
39279580
39234413
39226589
39226588
39190308
39187984
39156999
39156329
39149631
39121056
39119405
39111552
39109346
39097472
39094287
39088398
39067980
39067977
39067976
39067972
39067971
39067969
39067967
39035556
39032989
39015870
39015587
39015584
38995237
38994243
38993184
38989379
38984224
38975447
38975388
38969791
38910763
38910654
38909929
38901775
38899680
38899667
38866640
38807035
38782697
38774467
38774466
38757461
38740030
38728316
38722620
38718930
38704840
38700731
38685667
38665746
38659564
38644146
38643308
38635932
38628167
38613872
38560396
38560390
38559556
38518534
38502039
38451492
38440019
38437876
38431761
38413284
38401824
38394384
38354951
38344517
38320501
38297094
38286895
38264376
38233472
38226958
38223475
38189180
38169498
38143206
38115589
38087711
38073942
38072761
38060734
38049622
38046747
38046736
38035646
37969642
37967805
37963304
37954789
37940446
37917624
37903746
37891068
37884613
37882449
37851874
37835548
37833178
37812679
37805339
37793077
37753417
37753409
39491396
37714168
37713020
37679602
37679601
37660438
37657504
37647173
37641771
37640180
37637677
37585665
37575736
37574391
37564344
37555604
37555602
37554590
37548555
37544626
37526073
37521591
37492531
37453714
37435260
37426864
37426558
37424617
37404409
37396600
37365878
37285865
37283218
37259977
37251627
37197208
37191606
37179240
37144804
37139891
37119007
37090400
37069890
37062659
37060432
37058234
37026036
37003085
36973741
36968937
36933329
36912455
36898978
36880603
36876582
36872045
36824558
36819339
36795843
36794575
36793222
36757690
36756959
36753353
36717160
36712727
36698339
36619649
36609200
36589196
36572571
36564259
36561585
36529455
36526492
36494221
36472728
36420113
36415356
36399218
36385364
36328853
36267196
36257959
36226865
36186607
36112785
36108258
36106274
36098654
36096961
36089529
36087070
36083240
36070450
38319800
36028656
35985981
35985507
35950899
35942258
35882858
35832435
35802051
35801821
35769547
35734710
35708696
35675470
35663682
38993360
35607549
35598359
35587650
35574612
35552309
35487500
35475061
35450732
35440417
35438573
35437019
35435732
35433201
35420921
35415050
35393158
35392684
35392678
35371766
35363301
35350491
35318045
35295623
35251718
35239202
35234715
35228987
35228942
35198295
35197860
35190653
35174032
35174022
35157830
35154727
35137240
35125447
35106204
35091440
35080190
35070274
34976477
34933753
34923058
34844839
34784577
34752279
37425125
34703705
34667692
34660146
34636627
34610388
34557298
34540222
34533371
34455491
34434338
34433303
34430131
34420037
34408793
34385241
34373223
34367834
34343533
34337526
34322337
34285853
34282527
34277171
34273811
34266883
34263252
34239792
34195773
37427001
37426999
34167873
34164250
34164249
34164247
34158930
34150404
34141505
34136880
34077266
34075002
34020931
34008425
33987450
33968507
33959443
33936900
33927926
33907652
33906368
37425636
33893042
33872051
33854803
33842171
33818140
33795056
33792945
33785848
33777587
33758701
33758370
33754187
33736976
33705222
33684093
33634213
37424893
33603236
33581990
33558665
33552443
33532756
33506519
33415053
33403863
33392596
33373708
33356529
33332152
33325785
33253641
33239970
33230508
33226524
33183017
33145534
33129718
33090917
33079609
33072468
33059984
33014483
33010985
32999782
32980224
32958445
32955174
32953322
32923274
32909214
32905676
32884754
32838997
32779781
32757468
32757302
32755462
32733719
32728437
32701437
32684070
32683931
32683930
32683918
32665190
32656030
32613929
32590918
32524672
32523465
32475774
32469184
32469183
32455151
32404868
32343890
32322388
32300499
32273183
32257478
32229136
32208168
32182139
32181080
32172926
32162533
32154908
32130741
37317377
32111923
32088746
32001144
31978591
36416755
31849477
31836894
31768137
31768136
31742767
31650111
31641995
31620649
31616732
31580749
31571095
31488695
31483485
31483379
31473120
31418764
31329516
37317474
31235007
31205210
31200840
31103391
31042108
30980027
30954610
30941562
30929678
30913454
30845009
30826564
30817251
30775389
30763142
30738565
30719081
30717949
30663074
30648925
30624128
30527483
30518036
30473947
30473639
30442443
30334014
30326033
30301132
30288146
30285696
30237023
30227087
30214221
30189902
30119985
30115344
30115341
30115333
30112440
30077557
30065795
30012563
29996737
29949494
29942198
29730201
29630978
29556815
29472827
29434672
29425090
29417827
29406486
29380128
29315679
29298991
37300173
29237083
29236593
29196208
29194011
29183960
29182021
29174940
29111175
29088323
28983759
28951089
28941943
28900493
28846501
28834453
28827103
28797685
28753851
28745914
28686769
28679010
28655541
28643032
28633425
28630187
28622255
28542732
28529549
28490267
28461221
28396900
28341495
28325650
28314611
28302580
28213364
28209443
28206914
28171710
28127265
28127264
28110453
28069681
29726849
28031820
28006958
27977062
27965360
27866748
27836866
27833464
27140926
27798398
27684483
27787281
27755068
27528114
27503063
27497762
27450937
27402060
27387386
27380319
27317516
27215688
27172318
27167847
27160947
27131078
27129767
27057663
26991743
26965562
26918043
26821359
26802854
26774508
37592469
26693901
26614889
26514264
26482379
26403586
26335402
26298333
26270195
26196735
26093811
26054865
26041764
26028999
25985882
25984251
25925891
25844589
25681834
25601341
25599169
25575714
37537806
27222645
25465978
25454615
25450032
25449207
25337042
25171902
24971661
24854305
24817261
37533220
24762070
24661333
24647231
24612369
24575545
24529008
24440304
24411213
24352809
24320750
24145592
24136119
24043751
23764081
23469472
23372607
23302902
23072827
22751146
22751145
22672122
24199181
23457422
21986094
21851539
21843080
21821830
21067087
20677916
20050813
19185797
17296408
16231787
15483285
12698698
16558219
10122094
1705723
2132229
42500445
42419813
42419811
42382875
42377520
42367412
42333349
42257007
42230261
42158476
42158474
42150970
42034218
41983015
41948235
41933974
41903235
41810260
41807184
30335301
41531724
41531713
41528493
41487555
41469282
41412884
29262058
41266841
41224597
41221073
41221068
41139471
41123530
41100902
40989875
40949812
40861742
40799860
40769232
40712069
40711660
40689404
40642579
40624325
40605865
40525074
40525039
40458362
40416127
40400799
40399656
40387150
40386760
40386755
40350341
30422556
40313433
40251310
40207802
40205369
40192248
40163743
40071181
40062067
39976555
39930124
39790690
39575896
39564031
39524956
39524960
39524945
39521634
39516065
39486446
39403668
39355482
39317906
39310579
39234413
39156999
39156329
39149631
39119405
39097472
39094287
39035556
39032989
39015870
39015587
39015584
38989379
38984224
38975447
38975388
38910763
38910654
38909929
38901775
30137774
38718930
38665746
38659564
38628167
38560396
38560390
38440019
38413284
38401824
38344517
30725936
30422463
38264376
38189180
38073942
38060734
38046747
38046736
37967805
37954789
33760546
30085504
37891068
37753417
37753409
37641771
37640180
37637677
37575736
30570969
37554590
30335290
29261965
37544626
37526073
37521591
29083669
37492531
29939591
37603662
37453714
37435260
37426864
37426558
37424617
37404409
29261875
37365878
29493973
37283218
37259977
37197208
37144804
37139891
37119007
37090400
29494011
37069890
29261966
37026036
36968937
36912455
36898978
36880603
36876582
36872045
29262090
36824558
36819339
36793222
36712727
30137814
29939693
36589196
36561585
36529455
36415356
36328853
36150113
36106274
36096961
35942258
35832435
35802051
35769547
35734710
35663682
35607549
35475061
35433201
35415050
35392684
35371766
35350491
35295623
35251718
35234715
35228987
35228942
35198295
35174032
35174022
35154727
35125447
35106204
35070274
34976477
37425125
34703705
34667692
34660146
34557298
34540222
34533371
34455491
34434338
34430131
34367834
34343533
34322337
34285853
34277171
34263252
34239792
34195773
37427001
37426999
34164250
34164249
34164247
34158930
34150404
34141505
34136880
33968507
33959443
33936900
33927926
33907652
37425636
33854803
33842171
33777587
33758701
33684093
33634213
37424893
33581990
33552443
33532756
33506519
33415053
33392596
33230508
33183017
33145534
33072468
33059984
33014483
32999782
32980224
32953322
32923274
32909214
32755462
32733719
32728437
32684070
32683931
32656030
32613929
37424716
32524672
32455151
32408841
32322388
32300499
32257478
32229136
32172926
31849477
31650111
31620649
31616732
31488695
31483379
31453102
31210874
30845009
30826564
30775389
30738565
30648925
30518036
30473947
30227087
30214221
30065795
29996737
29425090
29406486
29194011
28983759
28846501
28679010
28643032
28630187
28396900
28206914
28110453
28069681
27965360
27866748
27787281
27503063
27317516
27172318
26802854
26270195
25599169
24854305
24136119
21067087
17296408
1705723
42525403
41808676
41807117
41632096
41395033
41238485
41238264
40573197
40469423
40449859
40385490
40317101
40205369
40176229
40040998
40030071
39691147
39629442
39262199
38860870
33232034
38307510
38041498
37736439
30969619
37389133
37301375
37191606
36597952
36566488
36321053
36258944
36159356
35891875
35486091
34598919
34249555
32007466
28461221
27016786
25958193
14963084
12650322
12106729
11280842
41317509
41262128
40316185
39810026
39067980
39067977
39067976
39067972
39067971
39067969
39067967
38115589
37916063
37457608
36436423
36108259
34752279
34473677
32884754
32590918
32493506
30115344
30115341
30115333
28527506
27623561
26941086
33635762
23385174
42526032
42520645
42361272
41217870
41217869
41217868
41217867
41217866
41217864
41217863
39550007
39482706
39371441
39341401
38779643
37253545
37042608
37025154
36949472
36934272
36916306
36576375
36453697
36322707
36153014
35845032
35461627
35350813
34620699
33980667
33191129
32188001
32089497
31501054
31427340
29580254
25162557
21091585
19480126
17881165
41551702
38371857
35127004
15915419
42164033
41688865
39212473
33544027
33279686
32158569
30978177
27159769
25979580
24931718
23802476
23802475
21671549
21404982
17563051
17244875
17229189
15689012
12688046
12613232
10537840
9465974
9359950
9066869
40918409
40316185
40304652
39810026
39067967
36436423
36108259
35694870
34751594
34473677
34344197
31926572
30115344
28527506
28447218
28025365
27770345
29328740
26714960
26452627
25933674
25817755
9628963
40729109
39450439
32777436
31869845
24080720
40565248
30301132
27387386
26514264
23457422


25937711


29119440
40668228
39584849
15483285
24318663
40584650
38435021
35237740
33370549
32185246
29342539
28344452
41942275
41688865
39310543
37465464
36961789
36223575
31829104
25715200
23802476
23802475
20000205
10653073
38120417
